322.51636266708374
322.89339876174927
432.255642414093
244.85940217971802
252.4302282333374
314.01528668403625
352.73283648490906
136.04447674751282
383.6236791610718
365.8475093841553
268.13780999183655
380.24438405036926
359.0819766521454
294.4374899864197
184.73790335655212
274.89376640319824
304.4375431537628
235.9146604537964
344.04746890068054
197.0419328212738
301.6892237663269
337.3579258918762
340.8603036403656
421.50223541259766
338.7264175415039
290.8454043865204
373.49863600730896
208.01457381248474
250.10912346839905
319.2551612854004
