39.08804416656494
56.37576389312744
20.82352590560913
89.26513600349426
108.71826601028442
30.621180772781372
63.43352794647217
180.95643281936646
72.17270112037659
32.83413600921631
21.30085301399231
164.71467280387878
139.8945460319519
21.660048007965088
21.80933403968811
134.1515212059021
54.52876424789429
56.67501735687256
94.03347420692444
164.9431700706482
104.54754209518433
23.371289014816284
165.09277868270874
149.00240206718445
29.519695043563843
29.56061577796936
20.675482988357544
52.533647298812866
20.73478674888611
250.42630195617676
