0.9709944558477573
0.5427908319621857
0.597343319125185
0.8380050188057601
0.6546857363495902
0.7810916338716872
0.5964409819466242
0.6125806673685384
0.6531975798723424
0.7756644509808477
0.597581239187647
1.0449329189455097
0.5852340074138078
1.1155066206444109
1.2240638889756892
0.9382707530664532
0.5048238290157919
0.7491577238932292
0.78545727274914
0.9241710719863606
0.896583093723291
0.7789979814138127
0.7168091039130264
0.8885944295303603
0.8210899122026645
0.8767235015088403
0.9656046222688197
0.7711079216663095
0.8696640112472741
0.8657692623537189
