1054.2217454910278
946.4686496257782
864.6929247379303
877.2807078361511
808.7421572208405
838.9988520145416
865.9057850837708
836.8838610649109
670.6727488040924
840.36994099617
713.8666934967041
959.000687122345
1023.7354965209961
1874.1276185512543
1505.2190351486206
1637.7656741142273
1333.5247271060944
1489.263465642929
1388.6372978687286
1383.0730810165405
1047.8764510154724
859.2546064853668
902.3478360176086
770.7045774459839
792.6266732215881
800.0025973320007
826.6599745750427
723.2516255378723
750.0843887329102
755.1349256038666
