1.8427948131925833
1.2331095207833793
1.0426482509027455
1.6013691870623534
0.8881079363927618
0.7688906946405984
1.3700894756250066
1.0044413606975684
2.1136978446350545
1.1666675137987061
1.8250148303403708
1.3315624385949985
1.3618409220835306
0.863906582901729
1.3859954660476304
0.9321657920531059
1.219343319900829
2.082202981612631
1.536062052860388
1.3912077934559541
1.098954818021779
1.0037482056023612
1.2078276509201427
1.097659087991872
0.9370196765431962
1.773400520174678
1.0405370749032947
1.7023034521824276
1.5224104971454175
1.4229373884139456
