521.6323528289795
410.41800832748413
459.0042254924774
518.6800436973572
542.5733609199524
481.38752794265747
580.97136926651
567.317275762558
539.2022931575775
568.0517930984497
579.0285310745239
592.3592433929443
548.2423408031464
491.2057545185089
486.48847556114197
439.0896077156067
449.2777771949768
390.10867071151733
432.3974416255951
469.08043932914734
495.2924327850342
473.12010955810547
425.6603162288666
518.1583225727081
4719.7080500125885
480.55986738204956
462.79105710983276
503.53369975090027
532.531112909317
482.1459746360779
