0.8699553040419338
2.2452422692175698
1.486308501208161
0.8438146151038554
0.6970323822927681
1.2067444585596634
0.6567242875166587
0.6177252612843407
0.709466399329362
1.5210887586269235
0.8658234816541035
1.1514316833767841
1.0508959503783388
1.3983867055150538
0.7104108623989411
1.273082963777148
1.2120988393078893
0.6754638427657345
0.9094181924372557
1.4841469221132833
0.6914428838306568
0.8528246493404248
0.6845780713265656
0.7578019923407898
0.6240840936900381
0.6991735869186015
0.7170903829763884
0.7364307713638958
1.1373810866204894
1.5898155980670874
