509.09124851226807
387.94887113571167
421.0219576358795
462.8510046005249
441.22538709640503
423.31617307662964
468.5367441177368
390.08266830444336
460.4843645095825
428.1298842430115
434.65407133102417
453.5193452835083
402.6324863433838
458.82932233810425
396.2221348285675
442.42368483543396
455.3640933036804
394.2562749385834
363.73953437805176
396.80764627456665
490.07440280914307
359.2143397331238
499.6568880081177
418.8022265434265
422.03600311279297
429.90090799331665
422.73200011253357
440.34389066696167
388.27170395851135
465.1776759624481
