2.157751791162847
0.7876656113601659
2.0322337957516092
1.370348256426624
0.9418627110234634
2.838413352754976
1.6749599562226016
1.0322447416581706
1.6801352125297253
0.8864335584621872
1.0965314518904008
1.217754341171236
1.4330123097725482
0.9930836156108303
1.0295236502902139
1.3041207209374757
0.8578407032451114
0.9018649529489218
2.2849609285691868
0.8959668538434503
1.4557702185862031
0.784342010862602
1.4955861449916137
1.5712681137360849
1.6077897267082004
0.8443746419235254
1.5871104874377084
0.888598922290948
2.112607775178396
1.0384054261840443
