0.7233545690941567
0.6457605523129106
0.8324706348367465
0.6612249726948156
0.6439172974451707
0.7058047668976493
0.5785455703628974
0.9521792097966716
0.7588700357115039
0.6514433312805978
0.756093005693738
0.5984562099693961
0.49316847127281094
0.89203819608554
0.546941238382693
0.6766583620048978
0.5628870762249439
0.7818623965613807
0.8217799523837725
0.6378852739370504
1.0038504836156
0.6510606210187001
0.7262118773478761
0.6081402628276975
0.5277565134158416
0.8794664645604229
0.7115752846804072
0.7158630067113418
0.541144813491112
0.5827346022043959
