0.968010561750584
1.7316660761143772
2.6638628103133977
0.8022487523925722
1.6089930768700407
1.4237029789739801
0.7721385078766692
1.3583259998812163
1.746781427787528
1.3080492726168547
1.567290260223105
1.7251652567280629
1.6895829371545477
1.5385154504848688
1.6095943687797396
1.2041441381404
0.9311488035789475
1.568167393441519
1.0792670517684544
1.6513084869786532
1.9820608934030757
1.4554087205389652
1.3462789172190064
0.9379030551533482
1.4974450582392729
1.7656431069092349
1.0589966994956055
1.904256940658765
1.4903866254631035
1.207727426651439
