0.7564372878367022
0.6411441303013711
0.7008912971168261
0.9770591147218067
1.2008692407492336
0.6594176983975787
0.8308221208516077
0.7516485284694681
0.6224372165288738
0.7456586874324016
0.7117410727586889
0.6996797562085473
0.8645082010922394
0.756126132925216
0.6177234571762263
0.6951931297022641
0.7901135455911437
1.1372638904538541
0.811240942832498
0.8304527393699833
1.356000232251701
0.7587333416849333
0.5947427911820098
0.7860585264168116
0.5909647727090824
0.5725587532103839
0.7381606763433326
0.630836791979482
0.825723699149659
0.7767508906005695
