1.1705728029364284
1.233272561692463
2.036158926844347
1.3113965114058472
1.5024545007295178
0.9706765635967092
1.2070296442650026
1.0215344230736838
1.1918065203330248
1.4764244705791285
1.5033425113842531
1.646255315886505
1.818425479625486
1.865475462281181
0.6527017919698197
0.9118321139862562
1.237551517695683
1.7231580204434653
0.9019993078412331
0.8601137685301128
1.5275779866223316
0.8597277157837807
1.535804233425488
0.7431617672635904
1.5803130036268946
0.9511923849702505
0.761969436968299
0.909091200182667
0.8308943239736352
1.2974390423921012
