1833.8165485858917
1567.8534018993378
1316.4592797756195
1492.773355960846
1711.1356744766235
1805.4982986450195
1569.6272687911987
1449.7120592594147
1442.706969499588
1418.3840231895447
1352.1129093170166
1433.5095417499542
1728.3394675254822
1366.1049129962921
1409.4130923748016
1529.1685400009155
1563.9106245040894
1498.4331238269806
1845.4470205307007
1692.497495174408
1578.9704191684723
2166.140070915222
1936.235811471939
1728.5502033233643
1600.596382856369
1952.2254543304443
1991.322919368744
1594.1773872375488
2289.7807445526123
1667.7876348495483
