483.91830563545227
500.3111231327057
572.2040503025055
470.930380821228
428.384756565094
446.126100063324
457.26170921325684
426.6327238082886
428.66158056259155
385.2614450454712
455.17839908599854
471.3981132507324
500.66737127304077
435.908429145813
425.16758394241333
483.3532648086548
511.1163742542267
434.43827176094055
476.99592423439026
420.9565169811249
454.2838933467865
455.0015001296997
505.5001184940338
437.7394423484802
423.40459084510803
410.93972611427307
512.790417432785
429.38216519355774
449.68554639816284
387.7319962978363
